"","gender","Points","Attitude","Age","deep","surf","stra"
"1","F",25,3.7,53,3.75,2.58333333333333,3.375
"2","M",12,3.1,55,2.875,3.16666666666667,2.75
"3","F",24,2.5,49,3.875,2.25,3.625
"4","M",10,3.5,53,3.5,2.25,3.125
"5","M",22,3.7,49,3.75,2.83333333333333,3.625
"6","F",21,3.8,38,4.875,2.41666666666667,3.625
"7","M",21,3.5,50,4.25,1.91666666666667,2.25
"8","F",31,2.9,37,3.5,2.83333333333333,4
"9","M",24,3.8,37,4.5,2.16666666666667,4.25
"10","F",26,2.1,42,4,3,3.5
"11","M",31,3.9,37,3.5,2.66666666666667,3.625
"12","F",31,3.8,34,3.75,2.41666666666667,4.75
"13","F",23,2.4,34,4.375,2.25,3.625
"14","F",25,3,34,3.5,2.75,3.5
"15","M",21,2.6,35,4.375,2.33333333333333,1.75
"16","F",31,4.1,33,3.5,2.33333333333333,3.875
"17","F",20,2.6,32,4.125,2.91666666666667,1.375
"18","F",22,2.6,44,3.625,2.5,3.25
"19","M",9,1.7,29,4,3.75,3
"20","F",24,2.7,30,4.25,2.75,3.75
"21","M",28,3.9,27,4,2.33333333333333,2.625
"22","M",30,3.4,29,4,2.41666666666667,2.375
"23","F",24,2.7,31,4.375,3,3.625
"24","F",9,2.3,37,4,2.41666666666667,2.75
"25","F",26,3.7,26,3.75,2.83333333333333,1.75
"26","F",32,4.4,26,4.5,3.16666666666667,3.25
"27","M",32,4.1,30,4.125,3,4
"28","F",33,3.7,33,3.75,2,3.625
"29","F",29,2.5,33,3.25,3.5,2.875
"30","M",30,3,28,3.5,3.75,3
"31","M",19,3.4,26,4.875,2.5,1.625
"32","F",23,3.2,27,3.75,2.08333333333333,3.25
"33","F",19,2,25,3.125,2.41666666666667,3.5
"34","F",12,2.4,31,3.625,2.58333333333333,3
"35","M",10,4.2,20,4.5,1.58333333333333,3.25
"36","F",11,1.6,39,4.25,2.83333333333333,1.875
"37","M",20,3.1,38,3.875,1.83333333333333,4.375
"38","M",26,3.8,24,3.5,2.41666666666667,3.625
"39","M",31,3.8,26,2.75,3.25,2.5
"40","M",20,3.3,25,3.125,3.41666666666667,1.25
"41","F",23,1.7,30,4.125,3.41666666666667,4
"42","F",12,2.5,25,2.875,3.16666666666667,3
"43","M",24,3.2,30,3.375,3.5,2.5
"44","F",17,3.5,48,4.125,2.66666666666667,4.875
"45","F",29,3.2,24,3.875,2.41666666666667,5
"46","F",23,4.2,40,4.75,3.58333333333333,4.375
"47","M",28,3.1,25,3.875,2.08333333333333,3.25
"48","F",31,3.9,23,3.25,3.75,4
"49","F",23,1.9,25,4.125,2.91666666666667,3.125
"50","F",25,2.1,23,2.75,2.91666666666667,2.5
"51","M",18,2.5,27,4.375,2.41666666666667,3.125
"52","M",19,3.2,25,3.5,3,3.25
"53","M",22,3.2,23,3,3.41666666666667,2.125
"54","F",25,2.6,23,4.125,2.91666666666667,2.75
"55","F",21,2.3,23,3.125,3.25,2.375
"56","F",9,3.8,45,3.625,3.25,3.125
"57","F",28,2.8,22,4.125,2.33333333333333,4
"58","F",25,3.3,23,3,3.25,4
"59","M",29,4.8,21,3.5,2.5,2.25
"60","M",33,4,21,4.375,1.75,3.25
"61","F",33,4,21,4.25,2.25,3.625
"62","F",25,4.7,21,3.875,2.08333333333333,3.625
"63","F",18,2.3,26,3.375,2.83333333333333,2.5
"64","F",22,3.1,25,4.5,2.83333333333333,1.875
"65","F",17,2.7,26,3.625,2.41666666666667,2
"66","M",25,4.1,21,3.625,2.25,1.875
"67","F",28,3.4,23,3.5,2.83333333333333,4
"68","F",22,2.5,22,3.75,2.25,2.875
"69","F",26,2.1,22,1.625,1.83333333333333,3.875
"70","F",11,1.4,22,3.625,2.91666666666667,2.5
"71","F",29,1.9,23,4.5,2.91666666666667,2.75
"72","M",22,3.7,22,4.375,2.08333333333333,4.5
"73","M",21,3.2,23,4.875,2.33333333333333,3.375
"74","M",28,2.8,24,2.875,2.41666666666667,2.625
"75","F",33,4.1,22,3.125,2.75,4.125
"76","F",16,2.5,23,4,3.25,2.625
"77","M",31,2.8,22,4.375,1.75,2.25
"78","M",22,3.8,20,3.75,2.58333333333333,2.75
"79","M",31,3.1,22,3.375,3.33333333333333,3
"80","M",23,3.5,21,4.75,2.83333333333333,1.625
"81","F",26,3.6,22,4.375,2.5,1.875
"82","F",12,2.6,23,4.25,2.41666666666667,3.375
"83","M",26,4.4,21,4.75,2.41666666666667,3.75
"84","M",31,4.5,22,3.5,2.58333333333333,2.125
"85","M",19,3.2,29,3.625,3,2.375
"86","F",30,3.9,29,3.625,2,2.75
"87","F",12,2.5,21,3.5,3.41666666666667,3.125
"88","M",17,3.3,28,3.625,2.83333333333333,3.5
"89","F",18,3.3,21,4.25,2.25,2.625
"90","F",19,3,30,4,2.75,3.375
"91","F",21,2.9,21,4.125,3.91666666666667,2.25
"92","M",24,3.3,23,3.75,2.33333333333333,3
"93","F",28,3.3,21,3.875,2.75,4
"94","F",17,3.5,21,4,2.75,3.5
"95","F",18,3.6,20,3.5,2.91666666666667,2.625
"96","M",17,3.7,22,4.375,2.08333333333333,2.5
"97","M",23,4.2,21,3.875,3.66666666666667,3.75
"98","M",26,3.2,21,4.375,2.83333333333333,3.625
"99","F",28,5,20,4.25,3.41666666666667,4.125
"100","M",31,4.7,22,3.875,1.58333333333333,4.375
"101","F",27,3.6,20,4.625,2.91666666666667,2.625
"102","F",25,3.6,20,3.875,3,4
"103","M",23,2.9,24,4,2.91666666666667,2.75
"104","F",21,3.5,20,4.125,2.66666666666667,2.75
"105","F",27,4,19,2.5,3,1.375
"106","F",28,3.5,21,3.75,2.75,2.25
"107","F",23,3.2,21,3.25,3.08333333333333,3.625
"108","F",21,2.6,22,4.25,2.5,3.75
"109","F",25,2,25,3.25,2.33333333333333,4
"110","F",11,2.7,21,3.25,3,3.125
"111","F",19,3.2,22,4.25,3,3.25
"112","F",24,3.3,25,2.375,4,2.125
"113","F",28,3.9,20,3.5,3.25,2.875
"114","M",21,3.3,24,3,3.5,1.5
"115","F",24,3,20,2.875,3.5,2.5
"116","M",24,3.7,21,3.25,3.83333333333333,3.25
"117","F",20,2.5,20,4,2.91666666666667,3.625
"118","F",19,2.9,20,3.75,2.16666666666667,3.875
"119","M",30,3.9,31,4.375,1.66666666666667,3.875
"120","F",22,3.6,20,4.5,2.08333333333333,2.375
"121","F",16,2.9,22,3.875,2.83333333333333,3
"122","F",16,2.1,22,3.375,3.41666666666667,3.375
"123","M",19,3.1,21,3.5,3.33333333333333,2.75
"124","M",30,4,22,3.5,2.58333333333333,4.5
"125","F",23,3.1,21,4.5,2.83333333333333,2.625
"126","F",19,2.3,21,4.375,3.33333333333333,2.75
"127","F",18,2.8,21,4.125,3,3.25
"128","F",28,3.7,21,4.375,2.58333333333333,4.125
"129","F",21,2.6,20,3.5,2.41666666666667,3.375
"130","F",19,2.4,21,4,3.58333333333333,2.75
"131","F",27,3,25,3.875,2.08333333333333,4.125
"132","M",24,2.8,21,2.125,4.33333333333333,3.25
"133","F",21,2.9,24,4.375,2.66666666666667,2.875
"134","F",20,2.4,20,4,3,2.875
"135","M",28,3.1,21,4.125,2.66666666666667,2.375
"136","F",12,1.9,20,3.75,2.16666666666667,3.875
"137","F",21,2,20,3.875,2.66666666666667,2.125
"138","F",28,3.8,18,3.5,2.25,4
"139","F",31,3.4,21,3.75,2.66666666666667,3.25
"140","F",18,3.7,19,3.5,3.33333333333333,2.625
"141","F",25,2.9,21,4.875,3.5,2.75
"142","F",19,2.3,20,3.125,2.75,4
"143","M",21,4.1,21,4.375,2,3
"144","F",16,2.7,20,3.375,2.83333333333333,3.375
"145","F",7,3.5,21,4,3.5,3.875
"146","F",21,3.4,20,3.625,2.5,3.25
"147","F",17,3.2,18,4.75,3.16666666666667,3.375
"148","M",22,3.3,22,3.5,3.08333333333333,4.125
"149","F",18,3.3,22,3.75,2.91666666666667,3.5
"150","M",25,3.5,24,2.5,3.16666666666667,2
"151","F",24,3.2,19,4.25,2.5,3.625
"152","F",23,3.1,20,3.375,3.83333333333333,3.375
"153","F",23,2.8,20,4.375,2.25,2.125
"154","F",26,1.7,17,4.25,3.41666666666667,4.625
"155","M",12,1.9,19,2.75,3.75,2.5
"156","F",32,3.5,20,3,3,2.875
"157","F",22,2.4,20,4,2.58333333333333,2.75
"158","F",20,2.1,20,4.5,3.33333333333333,4
"159","F",21,2.9,20,4.375,2.83333333333333,2.375
"160","F",23,1.9,19,3.125,3,3.875
"161","F",20,2,19,4.25,2.83333333333333,3.375
"162","F",28,4.2,22,2.875,3.16666666666667,1.75
"163","M",31,4.1,35,4,2.75,3
"164","F",18,3.7,18,3.25,3.41666666666667,2.625
"165","F",30,3.6,19,3.625,3,2.625
"166","M",19,1.8,21,3.875,2.66666666666667,3.375
